375
393
477
1082
1601
2672
2876
2905
3097
3293
3347
3375
3450
4295
4771
4781
4973
5120
5121
5122
5129
5131
5218
5276
5280
5341
5358
5379
5381
5534
5687
57646
57654
58091
59208
59485
60375
60378
60546
60629
60657
60760
60767
60992
60993
61025
61288
61299
61436
61498
61581
61664
61683
61886
61888
61889
62032
62036
62153
62192
62201
62291
62599
62715
62811
62815
62829
62954
62955
63022
63044
63723
64502
64587
104324
104542
104555
104556
104569
104767
104816
104875
104972
104983
104991
104992
104993
105057
105087
105090
105092
105096
105097
105098
105124
105129
105137
105190
105194
105198
105213
105241
105243
107214
107340
107603
107604
107607
107772
107776
107791
107801
107802
107805
107817
107818
107819
107850
107907
107908
107909
107910
107918
107920
107921
107922
107923
107925
107926
107928
107930
107931
107936
107937
107995
107996
107997
108023
108025
108027
108028
108040
108041
108043
108045
108046
108047
108048
108049
108050
108052
108053
108054
111646
111648
111649
111650
111651
111652
111918
112155
132395
132396
132397
132399
164284
164881
261300
261301
261324
261329
261330
110548
110549
110839
110851
110852
111684
111685
111766
111769
111770
111776
111777
111778
118642
163696
163697
489
491
524
532
732
817
1643
1860
1912
1950
2142
2436
2833
3865
4595
4606
4647
5043
5066
5701
60501
60561
60566
60754
60755
60802
60996
61208
61513
61578
61677
61678
61786
61787
61819
61823
61840
61935
62039
62122
62146
62295
62296
62297
62357
62502
62557
62608
62610
62686
62800
62803
62888
62957
100439
100446
101393
101478
101734
101735
101798
101799
101800
101801
101805
101806
101807
101808
101813
101816
101817
101818
101819
101820
101921
101922
102960
103280
103326
103495
103496
103497
103498
103499
103500
103504
103695
103697
103699
103700
103701
103703
103705
103706
103707
103708
103709
103710
103711
103712
103716
103719
119277
261309
261311
261312
261326
261327
458
767
808
1045
1494
1661
2122
2192
2364
2461
2485
2505
2932
3345
3365
3594
3709
5134
5229
7472
7480
7711
7735
7804
7805
7811
8090
8109
8117
8118
8310
8340
8383
8389
8421
8428
8456
8469
8669
8681
8699
8720
8722
8744
8769
8781
8792
8814
9403
9450
9611
9695
9700
9745
9752
9753
9757
9758
9934
93133
93465
93491
93492
93516
93517
93518
93561
93565
93566
93567
93612
93674
93675
93801
93802
96035
96604
96605
96608
96609
96852
96884
96902
97225
97395
98050
98051
98054
98055
98056
105400
105401
105402
105595
105596
105993
105994
106147
106148
106149
106150
106172
106501
106784
106785
106824
106825
106921
106932
106933
106939
106940
107161
107162
108980
108981
108982
108983
108995
108996
108997
110004
110005
110006
110007
110009
110010
110012
110013
110014
110015
112058
112102
112103
112113
163857
164149
164150
164151
164152
164552
261287
261298
265804
267663
372
756
757
803
824
1061
1076
1264
1698
2135
2153
2190
2204
2205
2782
2825
2901
3434
3562
3593
3734
4274
4296
4318
4415
4418
4419
4521
4540
4559
4564
4565
4572
4573
4574
4575
4576
4577
4582
4583
4602
4605
4621
4624
4629
4631
4632
4635
4638
4820
4859
4907
4949
4970
4971
5016
5017
5018
5026
5030
5032
5041
5044
5072
5074
5077
5078
5095
5132
5209
5230
5395
5409
5410
5463
5481
5610
5741
111663
111664
111666
111667
111669
111670
261631
261633
261634
261635
261636
261640
261642
261650
261652
261654
261657
261658
261660
261661
261665
261713
261715
261716
261718
261719
261721
261722
261748
261750
261751
262781
262802
263306
263307
263308
263309
263312
265822
265823
7379
7407
7409
7441
7463
7495
7710
7721
7722
7737
7767
7833
8011
8045
8149
8680
8687
8731
8791
8807
9060
9319
8320
9350
9452
9464
9642
9662
9676
9683
9684
9693
9719
9746
57187
57632
58278
58279
58280
58737
59660
59904
59906
93425
96576
96577
96580
96581
96587
96588
96596
96597
96817
101809
101810
102520
103159
103480
103481
103483
103549
103551
103648
103702
103704
103720
103721
103887
103890
103891
103892
103898
103906
103909
103976
103981
104010
104011
104012
104060
104347
104372
104479
104597
104607
104614
104615
104924
104925
104990
104994
104997
104998
105000
105001
105024
105099
105100
105177
105206
105214
105215
105218
105230
105231
105252
105253
106826
106829
106830
106831
106832
106833
106837
106841
106969
107067
107093
107146
107157
108934
109125
111895
111896
111976
112143
112145
112149
112222
112223
112224
112225
112226
112227
112228
112229
112230
120570
163662
163665
163667
163672
165095
260733
260734
7383
7406
7410
7507
7678
7708
7983
8010
8020
8028
8335
8468
8473
8668
8678
9024
9032
9368
9643
9673
9790
101748
101937
102155
102162
102876
102889
103050
103252
103447
103537
103674
103696
103772
103793
103822
103847
103858
103880
103923
103925
103927
103931
103946
103947
103948
103949
103969
104009
104035
106653
106670
106674
106856
106857
106858
106859
106860
107128
107130
107131
107138
107139
107140
107141
107142
107143
107144
107145
107147
107767
107782
107786
107788
107789
107790
107792
108009
108010
108012
108013
108073
108074
108075
108948
109830
109831
112025
112028
112082
112088
112089
112090
164624
164625
164626
164628
164662
260171
260175
260699
260835
260839
260859
260862
260863
260864
260867
7499
7513
7797
7800
7905
7927
7934
7938
7944
8111
8141
8174
8237
8240
8341
8466
8475
8537
8594
8635
8770
8775
8797
8798
8903
8945
9053
9117
9143
9149
9183
9194
9223
9251
9255
9258
9259
9274
9289
9292
9475
9496
9567
9738
9800
9805
9882
9903
9908
9933
57387
92944
93471
97212
97214
109143
112019
112020
112021
112022
112024
112026
112029
112030
112053
112054
112055
112056
112057
112059
112061
112068
112069
112070
112081
112104
112105
112108
112110
112111
112112
112207
112211
112212
112214
112216
112217
125034
125038
130478
139114
139115
139119
140075
140080
140082
140716
143010
145834
145835
145836
148411
148413
148414
148415
148416
148417
148418
148419
148421
148422
148423
148427
164139
164140
164202
164203
164204
164205
164278
164279
164776
261289
261292
261293
261763
261765
261773
261774
96919
56775
56779
56780
56782
56941
56944
56980
57058
57101
57104
57120
57122
57147
57382
57411
57412
57440
57470
57471
57554
57636
57723
57724
58013
58039
58041
58042
58117
58265
58271
58272
58314
58347
58461
58490
58541
58741
58776
58870
58894
58895
59017
59194
59240
59242
59268
59303
59333
59408
59434
59435
59479
59654
59659
59714
59715
59848
59849
59850
59870
59911
59916
60107
60108
60144
60240
60286
60308
60309
60310
60340
60432
60458
60489
60639
60732
60783
60784
60791
60884
60924
60930
61107
61108
61109
61270
61351
61382
61462
61565
61734
61760
61826
61875
61997
62090
62229
62355
62404
62420
62481
62499
62698
62770
62779
62793
62848
62993
63016
63017
93086
93112
93551
93803
93804
93856
93857
93863
94180
94636
94706
95293
95307
95309
95329
95349
95356
95972
95974
95976
95977
95980
95981
95982
95983
95984
95985
95986
95987
95988
96003
96004
96260
96263
96445
96557
96559
96562
96582
96606
96612
96619
96623
96625
96626
96632
96634
96656
96657
96721
96729
96746
96747
96748
96752
96753
96754
96755
96756
96757
96763
96764
96765
96766
96781
96782
96785
96816
96879
96880
96891
96912
96917
96936
96948
96957
96965
96967
96978
96995
97003
97031
97045
97097
97098
97116
97118
97119
97132
97133
97134
97135
97210
97211
97224
97252
97255
97256
97260
97262
97304
98048
98049
98052
109126
110531
111732
111733
111746
111748
111862
111863
111898
111900
111902
111904
111905
112209
145854
163838
260220
260221
260732
260852
261303
261306
263013
263014
263015
263016
263017
263122
263124
263212
263262
263304
263442
263443
263864
263882
263962
264002
264005
264083
264122
264123
270843
270844
273283
102357
102359
107355
107373
107422
107423
107946
108086
110411
271243
260887
260890
260891
2598
111647
105418
164124
266603
94179
94606
94669
94670
94671
94676
94692
94840
94841
94842
94875
94883
96078
96079
96962
99636
163793
163794
164265
260061
260071
260073
268003
271759
271923
110679
93212
165439
93631
93654
93655
93749
93750
93751
93754
93799
96621
98692
110604
117680
165434
273449
94691
94927
94933
96631
97114
97115
108595
164678
267923
272643
272645
272745
94697
94737
94741
94936
96048
96049
97393
165436
93297
93423
93424
96550
110575
110581
110589
110592
110596
110603
110605
93695
97087
110667
110668
110717
110718
110719
110742
110750
110752
110753
110754
110883
110889
110893
105209
260735
112017
612
766
1063
1218
1301
1382
1824
2062
4280
105472
105543
106709
106881
106903
107158
1678
2758
2879
3557
3724
4301
4950
5135
5242
5319
64920
64921
127914
1828
2374
2880
3540
4060
5010
5245
263001
263002
263003
263005
263006
263007
263008
263009
263010
263012
263019
263020
263021
263022
263023
263024
263025
263026
263029
263030
263158
263159
263160
263161
263170
263179
263180
263181
263182
263191
263192
263242
263243
263263
263264
263265
263266
263267
263268
263269
263270
263271
263272
263273
263274
263282
263283
264722
264723
264724
264725
96549
104616
105208
681
3921
4957
5282
5342
104594
104595
104601
104602
105064
105066
105068
105079
105089
105093
105094
105144
105207
109939
109940
56942
56952
58089
58094
58562
58745
59081
59197
61350
837
4563
5013
5423
5424
5425
261663
262801
103139
103142
103143
103144
103165
103186
103542
103543
103642
103645
103900
103904
103907
103972
104065
104173
104633
105038
105051
105103
105223
107184
109851
103714
109845
109846
103052
103053
103151
103153
260915
260921
260923
260930
260933
105507
106882
102906
102913
103465
103792
103813
103819
103825
103866
103950
103967
260817
260819
94449
95297
97343
104135
104136
104137
104154
104162
104174
104179
104309
104312
104323
104944
105149
109852
119626
60658
60660
60905
61679
61680
61681
62028
62123
63037
63043
63052
60560
61199
61575
61929
62687
61189
61540
61855
62597
62826
62918
92592
163685
102874
102890
112018
261295
1817
2486
3373
3910
4723
4728
4734
5480
56821
57689
58097
61271
94688
94929
96667
96674
96952
102892
103502
103654
104051
104055
105088
105210
106710
106789
106792
106793
107159
107182
107183
110615
110617
110626
110628
110676
110677
110678
110682
110683
110687
110688
110710
110715
110745
110746
110874
110896
163680
163684
163686
163687
163689
165374
260231
260232
260917
262782
262803
263275
272732
272764
800
1696
2104
2148
125047
163847
1299
1385
1642
1885
2807
4169
4737
5117
5377
5647
63804
63805
103095
103162
103183
103184
104779
104815
104851
104856
104885
105195
105556
105557
105581
106907
107284
107286
107287
108084
108085
108090
108091
111917
105600
105644
105965
105967
1062
105520
105540
260673
